lprint(`Najděte "rozumnou" aproximaci následujících dat:`);
lprint(`Úloha 221: Charakteristika diody [V,A]:`);
x:=evalf([0.004883, 0.097656, 0.185547, 0.263672, 0.307617, 0.332031,
0.346680, 0.361328, 0.371094, 0.375977, 0.385742, 0.390625, 0.390625,
0.395508, 0.400391, 0.405273, 0.405273, 0.410156, 0.410156, 0.415039,
0.419922, 0.419922, 0.419922, 0.424805, 0.424805, 0.429688, 0.429688,
0.429688, 0.434570, 0.434570, 0.434570, 0.439453, 0.439453, 0.439453,
0.444336, 0.444336, 0.444336, 0.444336, 0.449219, 0.444336, 0.449219,
0.449219, 0.449219, 0.454102, 0.454102, 0.454102, 0.458984, 0.454102,
0.458984, 0.458984, 0.458984, 0.458984, 0.458984, 0.463867, 0.463867,
0.463867, 0.463867, 0.463867, 0.463867, 0.463867, 0.468750, 0.468750,
0.468750, 0.468750, 0.468750, 0.468750, 0.468750, 0.473633, 0.473633,
0.473633, 0.473633, 0.473633, 0.473633, 0.473633, 0.478516, 0.478516,
0.478516, 0.478516, 0.478516, 0.478516, 0.478516, 0.478516, 0.483398,
0.483398, 0.483398, 0.483398, 0.483398, 0.483398, 0.483398, 0.483398]);
y:=evalf([0.000000, 0.000002, 0.000003, 0.000009, 0.000018, 0.000031,
0.000048, 0.000064, 0.000078, 0.000096, 0.000113, 0.000130, 0.000147,
0.000165, 0.000182, 0.000200, 0.000217, 0.000235, 0.000252, 0.000269,
0.000288, 0.000304, 0.000322, 0.000340, 0.000357, 0.000376, 0.000394,
0.000412, 0.000428, 0.000447, 0.000465, 0.000481, 0.000500, 0.000518,
0.000535, 0.000554, 0.000571, 0.000589, 0.000607, 0.000625, 0.000643,
0.000659, 0.000678, 0.000697, 0.000713, 0.000732, 0.000751, 0.000767,
0.000786, 0.000804, 0.000820, 0.000839, 0.000857, 0.000875, 0.000892,
0.000911, 0.000928, 0.000946, 0.000965, 0.000982, 0.000999, 0.001018,
0.001036, 0.001054, 0.001072, 0.001089, 0.001107, 0.001126, 0.001143,
0.001161, 0.001179, 0.001197, 0.001215, 0.001233, 0.001251, 0.001269,
0.001286, 0.001305, 0.001323, 0.001340, 0.001358, 0.001376, 0.001394,
0.001412, 0.001430, 0.001447, 0.001466, 0.001484, 0.001501, 0.001519]);
lprint(`Pomocí této aproximace odhadněte:`);
lprint(`diferenciální odpor při napětí 0.4 a 0.48 V`);
# ---------------------------------